
$molecule
0 1
O
C  1 1.483423
H  2 1.103471 1 107.694589
O  1 1.522768 2 90.782563 3 -125.554377 0
C  4 1.497835 1 89.303194 2 10.254262 0
H  5 1.104232 4 108.054820 1 -124.896716 0
C  5 1.515010 4 109.935677 1 114.298408 0
C  7 1.368657 5 122.936398 4 -113.053753 0
H  8 1.095730 7 117.763140 5 -1.418669 0
C  8 1.445314 7 127.738186 5 178.520283 0
H  10 1.092897 8 118.245009 7 -0.165532 0
C  10 1.376479 8 122.838054 7 -179.406505 0
H  12 1.097890 10 117.366233 8 -0.578212 0
C  12 1.445638 10 126.797732 8 179.009997 0
C  14 1.390572 12 118.427117 10 -179.334917 0
H  15 1.097697 14 116.321679 12 -0.314052 0
C  15 1.428059 14 128.239366 12 179.383956 0
H  17 1.095276 15 118.808616 14 -0.042548 0
C  17 1.386304 15 123.818488 14 -179.857163 0
H  19 1.095678 17 117.654534 15 -0.371250 0
C  19 1.426583 17 124.002562 15 179.559888 0
H  21 1.097184 19 116.192462 17 -0.369661 0
C  21 1.392999 19 126.776460 17 179.594752 0
C  23 1.441056 21 118.265213 19 179.757237 0
H  24 1.097972 23 115.098777 21 -0.559907 0
C  24 1.381592 23 128.338007 21 179.498738 0
H  26 1.092819 24 119.101838 23 -0.497745 0
C  26 1.434847 24 122.879105 23 179.603159 0
H  28 1.097793 26 115.326089 24 -0.409719 0
C  28 1.383227 26 128.332965 24 179.646730 0
C  30 1.460905 28 118.292597 26 -179.953874 0
H  31 1.097193 30 115.265614 28 0.064915 0
C  31 1.357249 30 126.675613 28 -179.941763 0
H  33 1.091656 31 121.051347 30 179.987929 0
H  33 1.091982 31 122.515138 30 0.064907 0
C  7 1.517148 5 112.314712 4 65.359452 0
H  36 1.097434 7 113.189509 5 -177.102815 0
H  36 1.103822 7 109.966746 5 -56.340509 0
H  36 1.105637 7 110.880095 5 61.382320 0
C  30 1.517528 28 123.550177 26 -0.088265 0
H  40 1.097413 30 112.917838 28 1.269884 0
H  40 1.103612 30 110.777546 28 122.209653 0
H  40 1.103960 30 110.832407 28 -119.616623 0
C  14 1.520241 12 118.655008 10 0.453951 0
H  44 1.096906 14 112.730212 12 179.665392 0
H  44 1.103475 14 110.873417 12 58.984916 0
H  44 1.103503 14 110.947229 12 -59.564764 0
C  23 1.524445 21 120.470725 19 -0.180192 0
H  48 1.096981 23 112.507318 21 179.174885 0
H  48 1.102667 23 111.149599 21 58.849640 0
H  48 1.102692 23 111.142601 21 -60.311235 0
C  2 1.541412 1 115.192173 3 -123.378366 0
C  52 1.361663 2 119.275247 1 -163.613176 0
C  53 1.523104 52 124.661935 2 -1.396099 0
H  54 1.097291 53 115.037580 52 -6.003151 0
H  54 1.105273 53 109.681401 52 -126.857160 0
H  54 1.105672 53 111.068052 52 116.466054 0
C  53 1.527276 52 123.001993 2 -179.686594 0
H  58 1.106545 53 108.836078 52 -136.983821 0
H  58 1.109370 53 108.393696 52 109.362880 0
C  58 1.538137 53 113.812129 52 -13.076763 0
H  61 1.103063 58 110.255022 53 166.246683 0
H  61 1.103414 58 109.796008 53 -76.602306 0
C  61 1.536780 58 109.072844 53 44.263880 0
H  64 1.104027 61 111.116359 58 175.694580 0
H  64 1.106248 61 108.478050 58 58.952740 0
C  52 1.554013 2 117.705515 1 20.180863 0
C  67 1.561101 52 110.540864 2 45.950932 0
H  68 1.098684 67 112.380665 52 -66.607876 0
H  68 1.102882 67 111.034427 52 55.367259 0
H  68 1.103100 67 109.564155 52 173.909384 0
C  67 1.561919 52 110.426838 2 -75.124256 0
H  72 1.096684 67 111.204708 52 57.088764 0
H  72 1.101327 67 111.217888 52 -63.392922 0
H  72 1.103647 67 109.997135 52 177.205780 0
$end

$rem
BASIS = VDZ
METHOD  = B97M-rV
JOBTYPE = OPT
$end
