$molecule
2 5
C         -0.51701       -0.47225       -0.08016
C         -1.74035       -1.10955       -0.22098
C         -3.00168       -0.42860       -0.14410
C         -4.27753       -0.96345       -0.29809
C         -5.42733       -0.07891       -0.14983
C         -6.74836       -0.45261       -0.24251
H         -1.74703       -2.18877       -0.39915
H         -2.94397        0.64861        0.06458
H         -5.18776        0.96130        0.09498
C         -7.95199        0.38392       -0.06286
H         -6.95253       -1.51744       -0.40156
C         -8.06873        1.67710       -0.52600
C         -9.32441        2.52712       -0.30265
C        -10.58464        1.70982        0.06417
H         -9.51372        3.13435       -1.20863
H         -9.11474        3.26400        0.50374
C        -10.22544        0.66024        1.13659
H        -10.97593        1.20803       -0.84002
H        -11.38477        2.38073        0.42610
C         -9.13930       -0.35599        0.64952
H        -11.12142        0.09579        1.45549
H         -9.84418        1.18501        2.03470
C         -6.98387        2.40186       -1.31675
H         -6.27032        1.70896       -1.78643
H         -6.39961        3.09608       -0.67966
H         -7.44303        3.02068       -2.10928
C         -9.78760       -1.38415       -0.34108
H        -10.20528       -0.88031       -1.22804
H        -10.60234       -1.93495        0.16284
H         -9.05408       -2.12802       -0.69643
C         -8.63034       -1.12850        1.91265
H         -8.12457       -0.44175        2.61289
H         -7.91806       -1.92944        1.65543
H         -9.48443       -1.59077        2.44006
C          0.78711       -1.09197       -0.13862
C          1.92132       -0.28487       -0.00893
C          3.29376       -0.68115       -0.05236
C          4.36395        0.20015        0.06386
H          3.52994       -1.74227       -0.19231
H          1.74121        0.78883        0.13802
H         -0.52638        0.61304        0.08863
C          5.73308       -0.20935        0.01816
C          6.87965        0.58445        0.10243
C          8.17157       -0.06346        0.05079
C          9.41192        0.54885        0.11302
H          9.45720        1.63772        0.20775
H          8.15309       -1.15754       -0.04615
C         10.65019       -0.18201        0.06204
C         11.94490        0.31392        0.11505
H         10.54741       -1.27216       -0.03031
C         13.05884       -0.63612        0.04972
C         14.38655       -0.33627        0.08334
H         14.75822        0.68829        0.16364
H         12.76689       -1.69147       -0.03355
H         15.14511       -1.12036        0.02948
H          4.13407        1.26332        0.19813
H          5.89828       -1.28928       -0.09829
C         -4.52182       -2.43524       -0.61060
H         -3.58752       -3.00000       -0.73109
H         -5.10454       -2.54957       -1.54271
H         -5.10487       -2.92183        0.19340
C          0.87274       -2.60124       -0.34580
H          1.90819       -2.96723       -0.34594
H          0.41351       -2.89735       -1.30670
H          0.32869       -3.14021        0.45103
C          6.82288        2.10184        0.24461
H          5.79278        2.48259        0.26605
H          7.34331        2.59658       -0.59591
H          7.32299        2.43390        1.17266
C         12.27130        1.79545        0.23677
H         11.37150        2.42490        0.27562
H         12.88244        2.13605       -0.61943
H         12.86225        1.99638        1.14950
O         -0.53526        3.10421       -0.32440
O         -1.77066        3.07461       -0.32440
Fe        -3.73866        3.03751       -0.32440
$end

$rem
BASIS = VDZ
METHOD  = BLYP
JOBTYPE = OPT
MAX_SCF_CYCLES = 500
SCF_ALGORITHM = DIIS_GDM
$end
