$molecule
0 1
C         -0.23771        4.21960       -1.24078
C         -0.57035        3.13402       -0.52995
C          0.43344        2.42588        0.29139
C          0.10006        1.34157        1.00416
C          1.10395        0.63215        1.82689
C          0.77023       -0.47039        2.52115
H         -1.59319        2.76491       -0.55449
H          1.45652        2.79437        0.31458
H          2.12127        1.00281        1.81396
C          1.70604       -1.31165        3.35323
H         -0.24451       -0.83134        2.39160
C          2.76541       -0.80501        4.08358
C          3.68373       -1.70070        4.90138
C          3.09221       -3.06992        5.21635
H          3.92094       -1.23485        5.88286
H          4.63804       -1.79895        4.33945
C          2.57102       -3.67292        3.93172
H          2.27258       -2.98131        5.95822
H          3.88292       -3.71081        5.66287
C          1.39700       -2.83360        3.35123
H          2.24859       -4.72541        4.09251
H          3.42538       -3.69625        3.21644
C          3.10298        0.66577        4.23643
H          2.35447        1.37401        3.85359
H          4.09892        0.87523        3.79306
H          3.14389        0.91155        5.31860
C          0.10320       -3.08674        4.16307
H          0.19627       -2.72024        5.20526
H         -0.13251       -4.17234        4.19459
H         -0.77088       -2.57446        3.71228
C          1.17986       -3.35073        1.90727
H          2.08236       -3.16469        1.28557
H          0.31687       -2.85905        1.41282
H          0.97484       -4.44360        1.90800
C         -1.24166        4.92759       -2.06210
C         -0.90985        6.01465       -2.77106
C         -1.91403        6.72247       -3.59226
C         -1.58310        7.81106       -4.29928
H         -2.93581        6.35062       -3.61975
H          0.11232        6.38550       -2.74469
H          0.78499        4.58908       -1.21590
C         -2.58755        8.51871       -5.12031
C         -2.25752        9.60884       -5.82537
C         -3.26221       10.31630       -6.64626
C         -2.93305       11.40793       -7.34941
H         -1.91251       11.78286       -7.31852
H         -4.28288        9.94165       -6.67673
C         -3.93800       12.11522       -8.17024
C         -3.60961       13.20891       -8.87205
H         -4.95777       11.73834       -8.20139
C         -4.61486       13.92137       -9.69681
H         -0.56149        8.18331       -4.27141
H         -3.60877        8.14545       -5.14931
H         -2.58790       13.58027       -8.83559
H         -1.23645        9.98249       -5.79602
H         -2.26398        4.55712       -2.08810
H         -0.92388        0.97554        0.98010
C         -4.26894       15.02129      -10.39721
H         -5.59891       13.50167       -9.69032
C         -5.10894       15.91092      -11.30474
H         -3.23065       15.28780      -10.28275
C         -6.46292       15.75632      -11.56364
C         -7.18820       16.79610      -12.42085
C         -6.82066       18.15362      -11.84991
H         -8.29038       16.66750      -12.37695
H         -6.93442       16.75109      -13.49094
C         -4.40491       17.11405      -12.00609
C         -7.33708       14.67522      -10.97825
H         -8.39383       14.76337      -11.30414
H         -7.34897       14.75390       -9.87153
H         -6.99342       13.68091      -11.33089
C         -4.12020       16.69980      -13.47838
H         -4.99777       16.39881      -14.06669
H         -3.43212       15.82649      -13.49711
H         -3.62751       17.52793      -14.03290
C         -3.01943       17.50738      -11.42693
H         -3.10683       17.76698      -10.34982
H         -2.61362       18.39580      -11.95913
H         -2.26206       16.70483      -11.54991
C         -5.30100       18.40459      -11.93950
H         -7.11601       18.11998      -10.77543
H         -7.37861       18.99550      -12.31299
H         -5.06424       19.03376      -11.05211
H         -5.06037       19.03333      -12.82488
$end

$rem
BASIS = 6-31G
METHOD  = BLYP
JOBTYPE = OPT
$end
