$molecule
0 1
C         -1.65192        2.41808        0.36369
C         -2.04260        1.70279        1.43577
C         -1.23981        0.53615        1.89590
C         -1.52532       -0.26012        2.96247
C         -0.65252       -1.44376        3.38160
C          0.41322       -2.01296        2.48533
H         -2.94375        1.99090        1.95083
H         -0.36037        0.33821        1.30342
C          1.73346       -2.34869        3.21165
C          2.53763       -1.31568        3.64415
C          3.80898       -1.53734        4.44316
C          3.93028       -2.93821        5.02970
H          3.85403       -0.83392        5.30314
H          4.66737       -1.31265        3.77297
C          3.63650       -3.93919        3.93606
H          3.22080       -3.07419        5.87102
H          4.95790       -3.07309        5.43105
C          2.15858       -3.83193        3.44864
H          3.85335       -4.97395        4.28265
H          4.34350       -3.71947        3.10272
C          2.25049        0.14546        3.37324
H          1.34911        0.33345        2.77611
H          3.10366        0.58857        2.81794
H          2.13220        0.68510        4.33623
C          1.21960       -4.48618        4.49232
H          1.21577       -3.92318        5.44722
H          1.53902       -5.52939        4.70363
H          0.17228       -4.54213        4.14374
C          2.10939       -4.65416        2.13572
H          2.76551       -4.19535        1.36464
H          1.09662       -4.74263        1.70479
H          2.45938       -5.69441        2.31491
C         -2.39671        3.60299       -0.16774
C         -1.87988        4.22652       -1.25689
C         -2.45378        5.41417       -1.94431
C         -1.84314        5.94130       -3.01667
H         -3.36801        5.87909       -1.60218
H         -0.95792        3.83199       -1.67958
H         -0.74005        2.11838       -0.14864
C         -2.41139        7.12782       -3.70879
C         -1.85627        7.71900       -4.79430
C         -2.56949        8.90983       -5.36353
C         -2.17536        9.62760       -6.43273
H         -1.27782        9.36252       -6.95660
H         -3.48669        9.21836       -4.86576
C         -2.98629       10.79023       -6.88825
C         -2.71199       11.59931       -7.94287
H         -3.88421       11.00080       -6.31043
C         -3.67051       12.71272       -8.21977
C         -3.53043       13.58838       -9.22345
H         -2.69785       13.54977       -9.91652
H         -4.53888       12.83215       -7.57656
H         -4.26997       14.37089       -9.36023
H         -0.92390        5.48849       -3.37501
H         -3.33506        7.53665       -3.30424
C         -2.73429       -0.05530        3.85280
H         -3.38643        0.79173        3.58844
H         -2.39257        0.11252        4.89579
H         -3.36616       -0.96778        3.83139
C         -3.67326        4.04621        0.52233
H         -4.16804        4.92437        0.07747
H         -3.44882        4.30462        1.57843
H         -4.41007        3.21609        0.49925
C         -0.56797        7.17106       -5.38035
H          0.23507        7.20893       -4.61419
H         -0.72175        6.11799       -5.69768
H         -0.19453        7.71809       -6.26106
C         -1.50010       11.43215       -8.84005
H         -0.83410       10.59328       -8.58175
H         -0.88520       12.35562       -8.80070
H         -1.83773       11.26585       -9.88446
O         -0.43336       -3.11227        2.32523
O         -1.35941       -2.62644        3.15664
H         -0.33085       -1.38684        4.44566
H          0.56629       -1.52776        1.50466
$end

$rem
BASIS = 6-31G(d,p)
METHOD  = BLYP
JOBTYPE = OPT
$end
