$molecule
0 1
C          0.43184        2.07369       -0.81059
C         -0.00143        1.27130        0.17085
C          0.94723        0.47217        0.97444
C          0.51586       -0.31817        1.96673
C          1.46532       -1.11614        2.77340
C          1.02651       -1.91556        3.76236
H         -1.06590        1.20563        0.38444
H          2.01084        0.53213        0.75501
H          2.51444       -1.06753        2.51097
C          1.87811       -2.81479        4.62496
H         -0.04934       -1.98022        3.88490
C          3.16734       -2.51566        5.02682
C          3.98433       -3.46467        5.89087
C          3.14726       -4.49741        6.63657
H          4.54922       -2.90623        6.66910
H          4.72871       -3.95861        5.22899
C          2.21507       -5.16045        5.64826
H          2.56586       -4.01733        7.44991
H          3.82606       -5.24383        7.10291
C          1.19707       -4.14065        5.06220
H          1.67756       -6.01095        6.12294
H          2.85239       -5.58509        4.83858
C          3.89580       -1.21522        4.74677
H          3.28660       -0.40322        4.32524
H          4.78550       -1.40668        4.11102
H          4.24169       -0.78570        5.71063
C          0.09728       -3.82190        6.10444
H          0.51222       -3.29842        6.98932
H         -0.39579       -4.75565        6.45090
H         -0.69410       -3.17123        5.68019
C          0.53730       -4.84855        3.85260
H          1.29458       -5.07346        3.07063
H         -0.25908       -4.23025        3.38967
H          0.06468       -5.80467        4.16710
C         -0.51618        2.87475       -1.61296
C         -0.08158        3.68592       -2.58646
C         -1.02940        4.48754       -3.38745
C         -0.60015        5.30155       -4.35463
H         -2.09635        4.41984       -3.19237
H          0.98370        3.76010       -2.79324
H         -1.31330        5.88189       -4.93113
H          0.45780        5.39818       -4.58027
H          1.49658        2.14159       -1.02217
C         -0.78125       -0.40325        2.42181
H         -1.41700        0.19232        1.80050
H         -0.83006       -0.04540        3.42902
H         -1.10444       -1.42276        2.38947
C         -2.09591        2.81963       -1.09598
H         -2.70190        3.42670       -1.73561
H         -2.15602        3.18767       -0.09307
H         -2.44616        1.80904       -1.12663
$end

$rem
BASIS = 6-31G
METHOD  = BLYP
JOBTYPE = OPT
$end
