$molecule
2 5
Fe         0.29287       -0.25576        0.08878
O          0.53560       -1.96218        0.74805
O          0.26827       -3.13685        0.29863
N         -1.56882       -0.66804       -0.22976
C         -2.39863       -1.31300        0.62402
H         -2.16065       -1.66058        1.62244
N         -3.60396       -1.44647        0.03653
H         -4.41965       -1.88098        0.45976
C         -3.56631       -0.89363       -1.23782
H         -4.41991       -0.90693       -1.90388
C         -2.29468       -0.40399       -1.40097
H         -1.85948        0.08398       -2.26416
N          2.19745        0.01228       -0.11522
C          3.17211       -0.79462        0.36699
H          3.03054       -1.68281        0.97106
N          4.36794       -0.31130       -0.02465
H          5.27110       -0.72035        0.19968
C          4.18427        0.83553       -0.78739
H          5.01100        1.38743       -1.21760
C          2.82861        1.03676       -0.84119
H          2.28211        1.81101       -1.36714
N          0.00774        1.74392        0.50832
H          0.92744        2.09498        0.80934
C         -0.58212        2.38033       -0.65487
H          0.00031        2.59636       -1.54472
C         -1.88230        2.63845       -0.34091
H         -2.65550        3.08863       -0.95343
N         -2.16064        2.24930        0.99166
C         -1.06316        1.78085        1.50072
H         -0.90369        1.45331        2.52439
H          3.96830       -6.67179        3.20560
H          4.15730       -8.16639        2.23800
C          3.48220       -7.31939        2.45720
H          2.56990       -7.73289        2.91980
H          5.17140       -5.03699        2.37690
H          5.21180       -6.77849        0.51460
C          4.97570       -4.76399        1.32440
C          3.15730       -6.54449        1.16130
C          4.45610       -5.97269        0.55590
H          5.93810       -4.41959        0.90950
H         -1.39170       -7.06339        3.32950
H          0.71660       -6.87129        2.20370
H          3.32860       -8.27639       -0.15100
C          2.56600       -7.52819        0.13100
C          2.14990       -5.41689        1.47350
H          4.20690       -2.83489        1.97190
H          1.69090       -8.07139        0.52290
C          3.93890       -3.64559        1.26950
C          0.78580       -5.89079        1.71790
C         -1.83610       -7.13449        2.32120
C          2.52620       -4.10339        1.55790
H         -1.29540       -7.94109        1.79440
H          2.12690       -2.21559        2.51500
H         -2.87750       -7.45779        2.44150
H          4.25590       -5.67289       -0.49120
C          1.59060       -2.98399        1.93060
H          0.72840       -3.32889        2.52020
C         -0.38370       -5.29869        1.34140
H          2.25100       -6.99659       -0.78320
H          3.95920       -3.17079        0.26440
C         -1.71460       -5.82889        1.58310
H          1.18790       -2.46639        1.03780
H         -0.34960       -4.35909        0.78230
H         -4.45320       -6.39459        1.74970
C         -2.79800       -5.11429        1.13270
C         -4.19550       -5.45039        1.25910
H         -2.58780       -4.16949        0.61540
C         -5.20320       -4.66749        0.80260
H         -6.25120       -4.95249        0.91330
H         -5.00120       -3.71209        0.30670
$end

$rem
BASIS = VDZ
METHOD  = B97M-rV
JOBTYPE = OPT
MAX_SCF_CYCLES = 500
SCF_ALGORITHM = DIIS_GDM
$end
