$molecule
0 1
C         -0.29035        4.20842       -1.28344
C         -0.62064        3.12665       -0.56577
C          0.39026        2.41313        0.24211
C          0.06108        1.33105        0.96015
C          1.07299        0.61741        1.76954
C          0.74530       -0.48394        2.46932
H         -1.64634        2.76487       -0.57469
H          1.41561        2.77593        0.25085
H          2.09133        0.98543        1.74465
C          1.69582       -1.32607        3.28642
H         -0.27187       -0.83744        2.34925
C          2.78296       -0.81535        3.97090
C          3.75021       -1.71799        4.71537
C          3.09572       -2.98957        5.24888
H          4.26218       -1.18145        5.54403
H          4.54887       -2.00125        3.99488
C          2.45366       -3.68958        4.05483
O          2.15343       -2.70188        6.24649
H          3.88083       -3.66196        5.66702
C          1.34367       -2.84003        3.36187
H          2.06670       -4.69535        4.33075
H          3.28432       -3.86788        3.33306
C          3.09403        0.65973        4.13831
H          2.30947        1.35504        3.80333
H          4.06239        0.90154        3.65236
H          3.17994        0.88386        5.22263
C          0.00683       -3.01374        4.13028
H          0.04873       -2.57804        5.14642
H         -0.25335       -4.09030        4.22296
H         -0.84221       -2.52910        3.60947
C          1.15922       -3.42553        1.94131
H          2.09060       -3.30639        1.34654
H          0.33720       -2.92248        1.39066
H          0.91133       -4.50829        1.99124
C         -1.30037        4.92320       -2.09135
C         -0.96874        6.00479       -2.80870
C         -1.97774        6.72098       -3.61663
C         -1.64461        7.80239       -4.33357
H         -3.00425        6.36151       -3.62616
H          0.05751        6.36509       -2.79922
H          0.73549        4.56988       -1.27428
C         -2.65250        8.52007       -5.14156
C         -2.31782        9.60128       -5.85809
C         -3.32458       10.32042       -6.66618
C         -2.98838       11.40135       -7.38242
H         -1.96081       11.75778       -7.37184
H         -4.35197        9.96349       -6.67642
C         -3.99415       12.12183       -8.19065
C         -3.65655       13.20305       -8.90727
H         -5.02159       11.76520       -8.20031
C         -4.66163       13.92992       -9.71957
H         -0.61794        8.16145       -4.32371
H         -3.67945        8.16188       -5.15148
C         -4.30476       15.01519      -10.43721
H         -5.65429       13.53214       -9.69033
C         -5.14182       15.91557      -11.33700
H         -3.25865       15.25828      -10.34522
C         -6.50549       15.79200      -11.56017
C         -7.22273       16.83934      -12.41220
C         -6.81397       18.21076      -11.88551
H         -8.32772       16.73764      -12.36285
H         -6.97930       16.76063      -13.48200
C         -4.42164       17.09309      -12.06868
C         -7.39389       14.74229      -10.94085
H         -8.45562       14.85775      -11.24108
H         -7.37510       14.83313       -9.83512
H         -7.08760       13.73504      -11.29101
C         -4.17722       16.65444      -13.54144
H         -5.07247       16.37263      -14.11177
H         -3.51476       15.76160      -13.56285
H         -3.67136       17.46173      -14.11455
C         -3.01344       17.45366      -11.52327
H         -3.07085       17.72759      -10.44766
H         -2.59415       18.32441      -12.07394
H         -2.28113       16.62920      -11.65292
C         -5.27768       18.41243      -11.99936
O         -7.25538       18.35210      -10.55178
H         -7.31131       19.02232      -12.45940
H         -4.98887       19.05737      -11.13895
H         -5.03223       19.02041      -12.89813
H         -6.63920       17.85880       -9.94982
H          2.66488       -2.45193        7.05983
H         -2.62691       13.55345       -8.89243
H         -1.29070        9.95905       -5.84786
H         -2.32645        4.56252       -2.10052
H         -0.96490        0.97015        0.95036
$end

$rem
BASIS = 6-31G
METHOD  = BLYP
JOBTYPE = OPT
$end
