$molecule
2 3
Fe         0.29287       -0.25576        0.08878
O          0.53560       -1.96218        0.74805
N         -1.56882       -0.66804       -0.22976
C         -2.39863       -1.31300        0.62402
H         -2.16065       -1.66058        1.62244
N         -3.60396       -1.44647        0.03653
H         -4.41965       -1.88098        0.45976
C         -3.56631       -0.89363       -1.23782
H         -4.41991       -0.90693       -1.90388
C         -2.29468       -0.40399       -1.40097
H         -1.85948        0.08398       -2.26416
N          2.19745        0.01228       -0.11522
C          3.17211       -0.79462        0.36699
H          3.03054       -1.68281        0.97106
N          4.36794       -0.31130       -0.02465
H          5.27110       -0.72035        0.19968
C          4.18427        0.83553       -0.78739
H          5.01100        1.38743       -1.21760
C          2.82861        1.03676       -0.84119
H          2.28211        1.81101       -1.36714
N          0.00774        1.74392        0.50832
H          0.92744        2.09498        0.80934
C         -0.58212        2.38033       -0.65487
H          0.00031        2.59636       -1.54472
C         -1.88230        2.63845       -0.34091
H         -2.65550        3.08863       -0.95343
N         -2.16064        2.24930        0.99166
C         -1.06316        1.78085        1.50072
H         -0.90369        1.45331        2.52439
H         -1.33811       -4.65395        1.32837
H         -2.06831        0.13155        2.84637
H         -3.83821       -1.76685        3.01587
O          1.19969       -1.71685        2.60387
H         -0.34831       -0.30515        3.01007
H         -3.40891       -4.25215        2.51877
C         -1.05921       -5.19045        2.25117
C         -1.33701       -0.42045        3.46607
H          5.68359       -3.24015        1.61527
C         -1.77071       -1.85785        3.59227
H          3.43529       -2.51485        2.42617
H         -1.57441       -6.16705        2.24907
H          0.02169       -5.39675        2.21507
C         -3.24011       -1.99135        3.92447
C         -0.96021       -2.94095        3.43697
C          0.51549       -2.87745        3.25797
C         -3.02791       -4.42475        3.54407
H          0.97939       -3.81175        2.93347
C          5.96699       -3.39535        2.66117
C         -1.48431       -4.39045        3.50337
H         -1.34591        0.07655        4.45527
C          3.73839       -2.69645        3.46307
H         -3.50781       -1.19615        4.64587
C          1.44789       -1.99825        4.03457
C         -3.61661       -3.36525        4.46517
H         -3.34791       -5.44185        3.83267
H         -4.71201       -3.46875        4.53387
H          6.98479       -3.74355        2.84917
C          5.09419       -3.16355        3.66787
C          2.80649       -2.44515        4.42167
H          0.97289       -1.27365        4.70957
C         -0.91261       -5.08745        4.75717
H         -3.22491       -3.48595        5.49197
H          0.19099       -5.06525        4.76327
H         -1.22371       -6.14685        4.78507
H          5.42539       -3.33555        4.69747
H         -1.26131       -4.59885        5.68277
C          3.00389       -2.59775        5.90237
H          2.80059       -1.64495        6.42577
H          4.02159       -2.91235        6.16737
H          2.30019       -3.33985        6.32557
$end

$rem
BASIS = VDZ
METHOD  = B97M-rV
JOBTYPE = OPT
MAX_SCF_CYCLES = 500
SCF_ALGORITHM = DIIS_GDM
$end
