$molecule
0 1
C         -1.04223        3.94349       -1.23157
C         -1.41827        2.86999       -0.51157
C         -0.41669        2.11989        0.29359
C         -0.65664        1.02456        1.05934
C          0.50893        0.42797        1.78754
C          0.42817       -0.67297        2.56458
H         -2.45184        2.56500       -0.53005
H          0.60295        2.49800        0.25341
H          1.47337        0.89703        1.63537
C          1.58838       -1.33176        3.27175
H         -0.52492       -1.17745        2.60914
C          2.66070       -0.63750        3.80037
C          3.83818       -1.35449        4.43604
C          3.45813       -2.68907        5.07205
H          4.35639       -0.71538        5.18415
H          4.57856       -1.54054        3.62711
C          2.78836       -3.52266        3.98380
O          2.61379       -2.50866        6.17677
H          4.38308       -3.21929        5.39874
C          1.48311       -2.87689        3.42426
H          2.59824       -4.56385        4.32620
H          3.54010       -3.60119        3.16437
C          2.76067        0.87343        3.89318
H          1.84480        1.42972        3.63997
H          3.61560        1.23552        3.28464
H          2.94040        1.15343        4.95271
C          0.29543       -3.21779        4.36317
H          0.39577       -2.73927        5.35561
H          0.21841       -4.31650        4.51189
H         -0.67702       -2.88919        3.94697
C          1.21356       -3.53932        2.05191
H          2.03370       -3.30662        1.33873
H          0.26178       -3.18605        1.60290
H          1.14202       -4.64406        2.15551
C         -1.97660        4.75717       -2.07141
C         -1.45018        5.81155       -2.74446
C         -2.19109        6.74661       -3.63265
C         -1.54995        7.75415       -4.24457
H         -3.25283        6.64000       -3.80745
H         -0.38468        6.00419       -2.63504
H          0.00474        4.23831       -1.20312
C         -2.28091        8.69279       -5.13567
C         -1.70534        9.73138       -5.78828
C         -2.59625       10.57689       -6.64881
C         -2.20833       11.64528       -7.36971
H         -1.18115       11.97042       -7.36847
H         -3.64783       10.30053       -6.69318
C         -3.19788       12.39977       -8.18607
C         -2.90358       13.48711       -8.94386
H         -4.22442       12.04007       -8.16188
C         -4.04064       14.12018       -9.70409
H         -0.48377        7.87619       -4.08084
H         -3.34780        8.52043       -5.26214
C         -3.94004       15.20218      -10.51040
H         -4.97692       13.63112       -9.55946
C         -5.01133       15.92288      -11.32480
H         -2.96108       15.61016      -10.59262
C         -6.36233       15.60147      -11.36098
C         -7.32305       16.48994      -12.15280
C         -7.05337       17.93198      -11.73955
H         -8.38757       16.24221      -11.95489
H         -7.20729       16.38384      -13.24141
C         -4.56791       17.14458      -12.19552
C         -7.01445       14.47958      -10.59125
H         -8.11050       14.43427      -10.75644
H         -6.87643       14.63549       -9.50125
H         -6.61788       13.50305      -10.93820
C         -4.45162       16.65510      -13.66811
H         -5.36018       16.21484      -14.10020
H         -3.67297       15.86458      -13.74070
H         -4.14748       17.48850      -14.33820
C         -3.16933       17.73351      -11.86377
H         -3.12649       18.06132      -10.80263
H         -2.95920       18.62005      -12.50189
H         -2.34433       17.01653      -12.05987
C         -5.58981       18.33522      -12.06641
O         -7.33762       18.08792      -10.36527
H         -7.73093       18.63303      -12.27323
H         -5.29062       19.06460      -11.28014
H         -5.55091       18.91574      -13.01467
C         -1.47386       14.00249       -8.98797
H         -1.30550       14.88776       -9.62040
H         -0.80497       13.20608       -9.37747
H         -1.14981       14.28307       -7.96344
C         -0.21933        9.99657       -5.63145
H          0.15459       10.86247       -6.20139
H          0.35540        9.11148       -5.97729
H          0.01365       10.18987       -4.56296
C         -3.44318        4.37357       -2.13258
H         -4.07085        5.01698       -2.76986
H         -3.87559        4.41280       -1.11082
H         -3.53616        3.34027       -2.52771
C         -2.02849        0.39284        1.20774
H         -2.83887        0.88837        0.64978
H         -2.32246        0.40336        2.27828
H         -1.99061       -0.65746        0.85011
H         -6.58442       17.72191       -9.83223
H          3.17773       -2.15562        6.91359
$end

$rem
BASIS = 6-31G
METHOD  = BLYP
JOBTYPE = OPT
$end
