$molecule
0 1
C          0.93080        0.85677       -0.83010
C          0.12511        0.62976        0.22399
C          0.28990       -0.60291        1.03962
C         -0.44746       -0.95295        2.12320
C         -0.10737       -2.27046        2.80682
C          0.09939       -2.23385        4.28486
H         -0.63611        1.35356        0.46624
H          1.08465       -1.27775        0.72909
C          1.41387       -2.87595        4.75649
C          2.56434       -2.12077        4.68374
C          3.89798       -2.60441        5.22044
C          3.77243       -3.76820        6.19688
H          4.40905       -1.78849        5.77676
H          4.53558       -2.87365        4.35030
C          2.90095       -4.82797        5.56355
H          3.32670       -3.43131        7.15531
H          4.78690       -4.16598        6.41578
C          1.44257       -4.31935        5.34680
H          2.89741       -5.75435        6.17974
H          3.37560       -5.08630        4.58845
C          2.62337       -0.72934        4.08181
H          1.66625       -0.34132        3.69655
H          3.34482       -0.72679        3.23799
H          2.97369       -0.01039        4.85180
C          0.67432       -4.32202        6.68849
H          1.10879       -3.59838        7.40768
H          0.69785       -5.33170        7.15222
H         -0.39034       -4.04703        6.54846
C          0.79936       -5.36167        4.39585
H          1.30727       -5.35278        3.40723
H         -0.27981       -5.21265        4.22736
H          0.89160       -6.38416        4.82347
C          0.84139        2.06667       -1.70638
C          1.72340        2.15801       -2.73345
C          1.81042        3.26707       -3.71920
C          2.72757        3.24193       -4.69046
H          1.14872        4.12136       -3.69068
H          2.44238        1.35112       -2.86202
H          3.42816        2.41745       -4.78498
H          2.78334        4.05650       -5.40565
H          1.69436        0.11655       -1.06024
C         -1.59426       -0.12001        2.66954
H         -1.80616        0.80443        2.10887
H         -1.38855        0.18881        3.71273
H         -2.52431       -0.72520        2.65471
C         -0.21150        3.11883       -1.41388
H         -0.21607        3.98007       -2.10150
H         -0.05302        3.52274       -0.39199
H         -1.21893        2.65577       -1.47010
O         -1.03649       -3.04357        4.37674
H         -0.13268       -1.28056        4.80255
O         -1.24520       -3.03834        3.05451
H          0.65290       -2.89877        2.28834
$end

$rem
BASIS = 6-31G(d,p)
METHOD  = BLYP
JOBTYPE = OPT
$end
