$molecule
2 5
Fe         0.29287       -0.25576        0.08878
N         -1.56882       -0.66804       -0.22976
C         -2.39863       -1.31300        0.62402
H         -2.16065       -1.66058        1.62244
N         -3.60396       -1.44647        0.03653
H         -4.41965       -1.88098        0.45976
C         -3.56631       -0.89363       -1.23782
H         -4.41991       -0.90693       -1.90388
C         -2.29468       -0.40399       -1.40097
H         -1.85948        0.08398       -2.26416
N          2.19745        0.01228       -0.11522
C          3.17211       -0.79462        0.36699
H          3.03054       -1.68281        0.97106
N          4.36794       -0.31130       -0.02465
H          5.27110       -0.72035        0.19968
C          4.18427        0.83553       -0.78739
H          5.01100        1.38743       -1.21760
C          2.82861        1.03676       -0.84119
H          2.28211        1.81101       -1.36714
N          0.00774        1.74392        0.50832
H          0.92744        2.09498        0.80934
C         -0.58212        2.38033       -0.65487
H          0.00031        2.59636       -1.54472
C         -1.88230        2.63845       -0.34091
H         -2.65550        3.08863       -0.95343
N         -2.16064        2.24930        0.99166
C         -1.06316        1.78085        1.50072
H         -0.90369        1.45331        2.52439
H         -4.04064       -5.89730        2.78914
H         -3.40022       -3.37626        2.96365
H         -3.26263       -5.68246        4.35088
C         -3.06527       -6.00113        3.30995
C         -2.32501       -3.60597        3.08272
H         -3.42346       -8.12847        3.56241
H         -2.09939       -3.44819        4.15443
C         -2.60410       -7.45399        3.26389
C         -2.07631       -5.03950        2.69403
H         -1.76367       -2.88245        2.48193
H         -2.95493       -7.57268        1.14566
C         -2.12613       -7.77259        1.85259
H         -1.78682       -7.61214        3.99220
C         -1.07370       -5.46018        1.87301
H         -1.86740       -8.84026        1.74163
O         -0.52168       -3.30639        0.65142
H         -1.65507       -6.50901       -0.59059
C         -0.90711       -6.92333        1.43099
C         -0.80288       -7.01726       -0.10777
C         -0.01818       -4.53386        1.36315
H          0.29970       -3.40983        3.24098
O          0.64361       -2.50006        1.34136
C          0.82204       -3.63532        2.29587
H         -0.81570       -8.07828       -0.41292
C          0.37945       -7.50499        2.05601
H          0.30788       -7.54530        3.15595
H          0.12639       -6.57709       -0.50220
H          0.66542       -5.04916        0.67390
H          0.56360       -8.52835        1.68439
H          1.80314       -5.52393        4.00504
C          2.24879       -3.99343        2.54669
H          2.30582       -3.97824        4.70489
H          1.26488       -6.89557        1.80134
C          2.49427       -4.67195        3.86375
H          2.84651       -3.20628        0.69742
C          3.18961       -3.71661        1.60371
H          3.51881       -5.05440        3.96685
C          4.60811       -4.00223        1.68014
H          4.98594       -4.48393        2.58792
H          5.15028       -3.21763       -0.23117
C          5.48188       -3.70095        0.69339
H          6.54727       -3.92683        0.77746
$end

$rem
BASIS = VDZ
METHOD  = B97M-rV
JOBTYPE = OPT
MAX_SCF_CYCLES = 500
SCF_ALGORITHM = DIIS_GDM
$end
