$molecule
0 1
C         -1.02580        3.94643       -1.21634
C         -1.40341        2.88364       -0.48140
C         -0.40004        2.13360        0.32160
C         -0.64242        1.05168        1.10541
C          0.52511        0.45257        1.82807
C          0.43989       -0.63435        2.62338
H         -2.43976        2.58771       -0.48559
H          0.62294        2.50031        0.26437
H          1.49339        0.90554        1.65463
C          1.59541       -1.29834        3.32999
H         -0.51809       -1.12987        2.69321
C          2.67214       -0.61644        3.86660
C          3.81705       -1.33563        4.56380
C          3.47503       -2.75080        5.01588
H          4.13101       -0.78740        5.47893
H          4.68109       -1.33937        3.86414
C          2.85413       -3.48887        3.85151
H          2.77248       -2.72873        5.87371
H          4.40496       -3.25611        5.35529
C          1.50120       -2.84489        3.43372
H          2.70826       -4.56363        4.09878
H          3.58530       -3.44066        3.01179
C          2.82187        0.89257        3.90978
H          1.93440        1.47302        3.61768
H          3.70310        1.20404        3.31080
H          2.98712        1.20457        4.96262
C          0.39305       -3.21724        4.44904
H          0.59138       -2.78137        5.44892
H          0.31763       -4.32065        4.55798
H         -0.60210       -2.85187        4.12391
C          1.13993       -3.46804        2.06236
H          1.90323       -3.20261        1.29911
H          0.15258       -3.12108        1.69350
H          1.08904       -4.57639        2.13553
C         -1.96213        4.76005       -2.05407
C         -1.43476        5.80602       -2.73940
C         -2.17756        6.74043       -3.62673
C         -1.53595        7.74190       -4.24805
H         -3.24124        6.63887       -3.79249
H         -0.36711        5.99241       -2.64065
H          0.02380        4.23277       -1.20142
C         -2.26898        8.68112       -5.13688
C         -1.69357        9.71601       -5.79552
C         -2.58680       10.56371       -6.65153
C         -2.19998       11.63159       -7.37378
H         -1.17212       11.95453       -7.37713
H         -3.63931       10.29008       -6.69042
C         -3.19174       12.38922       -8.18456
C         -2.89884       13.47776       -8.94119
H         -4.21878       12.03122       -8.15670
C         -4.03793       14.11440       -9.69535
H         -0.46798        7.85925       -4.09277
H         -3.33744        8.51305       -5.25556
C         -3.93922       15.19978      -10.49735
H         -4.97420       13.62541       -9.54977
C         -5.01254       15.92413      -11.30557
H         -2.96053       15.60859      -10.58089
C         -6.36335       15.60308      -11.34444
C         -7.32683       16.49622      -12.13060
C         -7.04592       17.92084      -11.69092
H         -8.38740       16.25029      -11.91165
H         -7.23097       16.40850      -13.22351
C         -4.57297       17.14949      -12.16993
C         -7.01274       14.47507      -10.58083
H         -8.10862       14.42675      -10.74616
H         -6.87510       14.62493       -9.48996
H         -6.61326       13.50166      -10.93324
C         -4.46358       16.66798      -13.64539
H         -5.37444       16.22652      -14.07213
H         -3.68291       15.88030      -13.72663
H         -4.16650       17.50581      -14.31310
C         -3.17498       17.74034      -11.84036
H         -3.12884       18.06291      -10.77779
H         -2.96976       18.63052      -12.47495
H         -2.34931       17.02591      -12.04277
C         -5.59897       18.33295      -12.02933
H         -7.17170       17.92660      -10.58321
H         -7.76407       18.66201      -12.10259
H         -5.31064       19.04429      -11.22293
H         -5.57133       18.92212      -12.97233
C         -1.46853       13.99107       -8.98995
H         -1.30133       14.87717       -9.62151
H         -0.80243       13.19444       -9.38375
H         -1.13993       14.26911       -7.96618
C         -0.20552        9.97561       -5.64889
H          0.16827       10.83854       -6.22338
H          0.36336        9.08744       -5.99652
H          0.03520       10.17030       -4.58238
C         -3.43184        4.38632       -2.09887
H         -4.06079        5.02908       -2.73555
H         -3.85473        4.43663       -1.07362
H         -3.53550        3.35059       -2.48491
C         -2.01905        0.43727        1.27962
H         -2.83084        0.93357        0.72440
H         -2.29977        0.46645        2.35337
H         -1.99670       -0.61850        0.93703
$end

$rem
BASIS = 6-31G
METHOD  = BLYP
JOBTYPE = OPT
$end
