$molecule
0 1
C
C  1 1.378571
C  1 1.476744 2 124.023542
H  3 1.095827 1 114.598010 2 -144.574842 0
C  3 1.375997 1 128.349371 2 39.988599 0
H  5 1.095148 3 118.884357 1 0.571474 0
C  5 1.458236 3 125.831231 1 177.988787 0
C  7 1.391967 5 118.580272 3 -178.546404 0
H  8 1.098753 7 116.478255 5 -1.109826 0
C  8 1.435463 7 128.111580 5 178.760828 0
H  10 1.093850 8 118.124170 7 -1.546549 0
C  10 1.386558 8 123.489584 7 178.521030 0
H  12 1.098376 10 117.530838 8 -0.643190 0
C  12 1.445056 10 126.513712 8 179.657927 0
C  14 1.398096 12 118.738306 10 178.358000 0
H  15 1.098571 14 116.334706 12 0.365388 0
C  15 1.429163 14 128.036338 12 -179.181350 0
H  17 1.096051 15 118.636944 14 -0.733135 0
C  17 1.391231 15 124.091535 14 178.837456 0
H  19 1.095996 17 117.606056 15 0.075559 0
C  19 1.429785 17 123.539154 15 -179.971820 0
H  21 1.098682 19 115.397243 17 -1.112293 0
C  21 1.397083 19 128.404694 17 178.898067 0
C  23 1.446204 21 118.452829 19 179.118282 0
H  24 1.098520 23 115.741756 21 -0.414973 0
C  24 1.384657 23 126.905864 21 179.715874 0
H  26 1.093913 24 118.759916 23 -0.246936 0
C  26 1.438776 24 123.005613 23 179.599449 0
H  28 1.098871 26 115.240796 24 -0.023529 0
C  28 1.387452 26 128.329755 24 -179.993225 0
C  30 1.465501 28 118.416602 26 179.769205 0
H  31 1.098145 30 115.106542 28 -0.271478 0
C  31 1.361570 30 126.680056 28 179.794759 0
H  33 1.092295 31 121.191297 30 179.919657 0
H  33 1.092843 31 122.677555 30 -0.145688 0
C  30 1.521942 28 123.444763 26 -0.274684 0
H  36 1.098798 30 112.633905 28 -0.118641 0
H  36 1.105705 30 110.883558 28 -120.853916 0
H  36 1.105747 30 110.948001 28 120.727090 0
C  7 1.524301 5 118.696534 3 1.259926 0
H  40 1.098354 7 112.496925 5 178.234850 0
H  40 1.105201 7 110.933892 5 57.616375 0
H  40 1.105949 7 111.116436 5 -61.080083 0
C  23 1.525096 21 122.709933 19 -0.953972 0
H  44 1.098419 23 112.433267 21 -0.318851 0
H  44 1.105284 23 111.121385 21 120.466268 0
H  44 1.105485 23 110.908226 21 -120.753915 0
C  2 1.525610 1 124.024420 3 1.666203 0
H  48 1.099930 2 112.542793 1 20.516107 0
H  48 1.105390 2 110.010045 1 141.531098 0
H  48 1.108687 2 111.984552 1 -100.513843 0
C  14 1.525829 12 118.707638 10 -1.371807 0
H  52 1.098225 14 112.493376 12 -178.387454 0
H  52 1.105179 14 110.907427 12 -57.874401 0
H  52 1.105393 14 111.081414 12 60.928519 0
C  2 1.532685 1 122.728842 3 -178.965445 0
H  56 1.106960 2 108.969937 1 -142.160089 0
H  56 1.112304 2 108.579326 1 103.759923 0
C  56 1.546197 2 114.152687 1 -18.542017 0
H  59 1.105132 56 110.298682 2 167.534534 0
H  59 1.105657 56 109.531265 2 -75.333870 0
C  59 1.542960 56 109.555007 2 45.407404 0
H  62 1.105931 59 111.038916 56 177.071701 0
H  62 1.107859 59 108.744790 56 60.004512 0
C  62 1.565145 59 112.763849 56 -60.661083 0
C  65 1.565661 62 107.150971 59 166.834910 0
H  66 1.102267 65 112.353706 62 175.245445 0
H  66 1.103523 65 110.724006 62 -64.280376 0
H  66 1.105134 65 109.887514 62 55.142502 0
C  65 1.568028 62 109.598200 59 -75.391446 0
H  70 1.102278 65 111.425966 62 60.498175 0
H  70 1.103485 65 111.753569 62 -179.196965 0
H  70 1.105036 65 110.094917 62 -59.789748 0
$end


$rem
BASIS = VDZ
METHOD  = B97M-rV
JOBTYPE = OPT
$end
