$molecule
0 1
C         -1.05379        2.80345       -0.21475
C         -1.38361        1.85548        0.68235
C         -0.32829        1.00121        1.29117
C         -0.51849        0.01545        2.20534
C          0.69592       -0.71908        2.68480
C          0.65900       -1.73367        3.57381
H         -2.41981        1.72779        0.95007
H          0.68989        1.19848        0.96157
H          1.64507       -0.43389        2.24814
C          1.84948       -2.53022        4.04674
H         -0.31151       -2.06834        3.91186
C          3.10857       -1.99622        4.25130
C          4.27903       -2.84582        4.72281
C          3.86646       -4.16332        5.36940
H          4.88076       -2.30386        5.48490
H          4.93566       -3.02273        3.84325
C          2.88277       -4.85830        4.45541
H          3.40616       -3.98482        6.36248
H          4.77231       -4.78810        5.52565
C          1.57096       -4.03505        4.30997
H          2.65513       -5.88192        4.82677
H          3.38469       -4.97093        3.46675
C          3.47121       -0.52896        4.12066
H          2.62813        0.16593        3.99319
H          4.21271       -0.39212        3.30592
H          3.93133       -0.18918        5.07249
C          0.70570       -4.17366        5.58654
H          1.20179       -3.71985        6.46804
H          0.50771       -5.24413        5.81007
H         -0.27852       -3.67590        5.47215
C          0.80141       -4.66846        3.12424
H          1.38297       -4.56768        2.18229
H         -0.18857       -4.19235        2.96743
H          0.61742       -5.74958        3.30782
C         -2.04377        3.70924       -0.87806
C         -1.55992        4.61925       -1.76110
C         -2.35899        5.61217       -2.52862
C         -1.75686        6.46368       -3.37463
H         -3.43357        5.67279       -2.42497
H         -0.48578        4.63731       -1.93490
H         -0.00354        2.91998       -0.47411
C         -2.55572        7.45746       -4.14127
C         -2.07140        8.36948       -5.02198
C         -3.06089        9.27729       -5.68325
C         -2.73006       10.22938       -6.57555
H         -1.69356       10.35929       -6.84151
H         -4.11146        9.15955       -5.42575
C         -3.78433       11.08653       -7.18171
C         -3.59052       12.07791       -8.08778
H         -4.80423       10.88818       -6.85787
C         -4.79945       12.81595       -8.56573
C         -4.76199       13.81566       -9.45619
H         -3.83638       14.16469       -9.89949
H         -5.77522       12.53614       -8.17638
H         -5.68435       14.30377       -9.75441
H         -0.68225        6.40325       -3.47801
H         -3.62993        7.43910       -3.96794
C         -1.88151       -0.36418        2.75392
H         -2.72767        0.22235        2.36196
H         -1.88225       -0.23219        3.85626
H         -2.09149       -1.42754        2.51377
C         -3.51632        3.57262       -0.53951
H         -4.18618        4.27174       -1.06539
H         -3.66048        3.74508        0.54768
H         -3.85763        2.54724       -0.79371
C         -0.59862        8.50712       -5.35916
H          0.07092        7.80641       -4.83500
H         -0.25741        9.53173       -5.10174
H         -0.45383        8.33786       -6.44677
C         -2.22831       12.46716       -8.63016
H         -1.38068       11.88354       -8.23640
H         -2.02765       13.53163       -8.38710
H         -2.22300       12.33992       -9.73299
$end

$rem
BASIS = 6-31G
METHOD  = BLYP
JOBTYPE = OPT
$end
